0 1
C
C 1 1.34
C 2 1.54 1 120 
C 3 1.34 2 120 1 D
C 1 1.34 2 120 3 180
H 1 1.09 2 120 3 0
H 2 1.09 1 120 5 0
C 4 1.34 3 120 2 180
H 4 1.09 3 120 2 0
H 3 1.09 4 120 8 0
C 8 1.39 4 120 3 180
C 11 1.39 8 120 4 180
C 12 1.39 11 120 8 0
C 13 1.39 12 120 11 0
C 14 1.39 13 120 12 0
H 11 1.08 8 120 4 0
H 12 1.08 11 120 8 180
H 13 1.08 12 120 11 180
H 14 1.08 13 120 12 180
H 15 1.08 14 120 13 180
C 5 1.39 1 120 2 180
C 21 1.39 5 120 1 180
C 22 1.39 21 120 5 0
C 23 1.39 22 120 21 0
C 24 1.39 23 120 22 0
H 21 1.08 5 120 1 0
H 22 1.08 21 120 5 180
H 23 1.08 22 120 21 180
H 24 1.08 23 120 22 180
H 25 1.08 24 120 23 180